[gd_scene load_steps=7 format=3 uid="uid://pq2lksvyubd5"]

[ext_resource type="PackedScene" uid="uid://cc6vlsocdoy61" path="res://Scenes/Areas/ModularCircle.tscn" id="1_81nky"]
[ext_resource type="Script" path="res://Scenes/UI/PauseMenu.gd" id="1_s6apw"]
[ext_resource type="PackedScene" uid="uid://kjlf5k1kqet4" path="res://Scenes/Environmentals/environmentalObject.tscn" id="3_2yt2d"]
[ext_resource type="Script" path="res://Scenes/UI/ResumeGame.gd" id="4_d2b1q"]
[ext_resource type="Script" path="res://Scenes/UI/Game_Controls.gd" id="5_wcah3"]
[ext_resource type="Script" path="res://Scenes/UI/Quit_Game.gd" id="6_a2fjo"]

[node name="PauseMenu" type="Node3D"]
transform = Transform3D(0.491877, 0, -0.870665, 0, 1, 0, 0.870665, 0, 0.491877, 75, 0, 0)
script = ExtResource("1_s6apw")

[node name="Circle" parent="." instance=ExtResource("1_81nky")]

[node name="Resume_Game" parent="Circle" instance=ExtResource("3_2yt2d")]
transform = Transform3D(0.997478, 0, 0.0709751, 0, 1, 0, -0.0709751, 0, 0.997478, 0, 0, 0)
script = ExtResource("4_d2b1q")

[node name="EnvironmentalEvent" parent="Circle/Resume_Game" index="2"]
event = {
"id": 49143091,
"name": "Item_Ping"
}

[node name="Narrate_Environmental" parent="Circle/Resume_Game" index="3"]
event = {
"id": 1565052233,
"name": "Resume_Game"
}

[node name="Game_Controls" parent="Circle" instance=ExtResource("3_2yt2d")]
transform = Transform3D(-0.508861, 0, 0.860849, 0, 1, 0, -0.860849, 0, -0.508861, 0, 0, 0)
script = ExtResource("5_wcah3")

[node name="EnvironmentalEvent" parent="Circle/Game_Controls" index="2"]
event = {
"id": 49143091,
"name": "Item_Ping"
}

[node name="Narrate_Environmental" parent="Circle/Game_Controls" index="3"]
event = {
"id": 3612226240,
"name": "Game_Controls"
}

[node name="Play_Controls" type="AkEvent3D" parent="Circle/Game_Controls"]
event = {
"id": 1943302952,
"name": "Play_Controls"
}
stop_on = 3
transform = Transform3D(1, 0, 0, 0, 1, 0, 0, 0, 1, 0, 0, 3)

[node name="Quit_Game" parent="Circle" instance=ExtResource("3_2yt2d")]
transform = Transform3D(-0.509312, 0, -0.860582, 0, 1, 0, 0.860582, 0, -0.509312, 0, 0, 0)
script = ExtResource("6_a2fjo")

[node name="EnvironmentalEvent" parent="Circle/Quit_Game" index="2"]
event = {
"id": 49143091,
"name": "Item_Ping"
}

[node name="Narrate_Environmental" parent="Circle/Quit_Game" index="3"]
event = {
"id": 327960653,
"name": "Quit_Game"
}

[connection signal="area_entered" from="Circle/Resume_Game" to="Circle/Resume_Game" method="_on_area_entered"]
[connection signal="area_entered" from="Circle/Game_Controls" to="Circle/Game_Controls" method="_on_area_entered"]
[connection signal="end_of_event" from="Circle/Game_Controls/Play_Controls" to="Circle/Game_Controls" method="_on_play_controls_end_of_event"]
[connection signal="area_entered" from="Circle/Quit_Game" to="Circle/Quit_Game" method="_on_area_entered"]

[editable path="Circle/Resume_Game"]
[editable path="Circle/Game_Controls"]
[editable path="Circle/Quit_Game"]
